$ANSIBLE_VAULT;1.1;AES256
33636265643330353562643833333961353234313839353333353431343865313037633330326466
3963613262323234306530663164653566366461653139370a623936616666616364386430313630
65313036663737663661356331353462663262306465376161633131303738353161366239396664
6330386639386638630a366265313965303839643835373633343431633235383465656262326632
66613731663663633332363938656239643836306664316530316131383439393737346238623437
65323036613565383435633863303766333765313133346237336261353965323431383336356339
61306262393239366361343031623739373362303036343836623564326233303034306231373234
64616263643763633938373739363838336632636438363635633732303433373132636631643566
35636439373330626261643865653639336535346437653138626132376465303930616337663233
37373232383764363838626432633332363961393033663234346138366235333432363938336135
65623066346537373335666465616366313464666132366537633562376438383033616562383566
37393265616339616436356563623832333961376637373765643832643431393761343464383263
31633165613163323461373463346232636661393433303234333936353633323965653435653661
32666530663461396361306532386635636564646433393064333165386466353837643539613135
37386261643630663338326531386336383230383061373165346166346433646235326332616565
31613038653037366137613134306334613265353438653764393366313632396363383539643137
61613166333239663732376662626162376539366437393435356431636437346234393361633161
61366666643438393565353566623263666235646438383837376338323463396339383032346139
35393133306535313163636461306238323435303234366366653138353037636438383039386166
31353661653233633930313066363130363737373935343162313065663535343437356539626431
30323064303264383830393631373035623264346533306662333034633337326434373735383361
66316365303838343136313035336437636232383265306665633437373865643463393133643232
66626238306434663537333330666564666366646332323336396362663233313231653636653834
63643861613362393333303431343537663239386464353439613130633562346236303937663763
31336238393532373362393639366330373435373766336437646130303165343161623531353031
33616539346561616335373535356439353633316231643131333133313763626332326436653839
30333964333261643931323065306139666361643764393431383231646432306532333466333663
61343636343330346332316436316631383038646362393237666530363830633066316636306531
37333163626136353261653865346533323263346535626463663263356363366333326538393730
30386435393463616361313063316262303937376562646533306661623762653666343636656662
31376637633965313132346663613663373165393339353861643539396534653738393362653131
35346236346263343637633962653037633538376531626635316435363838366665343462316633
33636335633861346263383866393364613262623861356635383565366438663862313435643337
62326235386266666463326339646432393266356236616130383933363830666237366638366238
62623236336161623164303034313136623436343466646631613635386163666532343661373630
34613533366535346365303834613436323263356237643061363936616464613661656161616265
61643065393838376531313531656537346138636438373836346331623838643735363166643432
64326234333464313931323362303330613535333931333536396236633662306630376538343234
64393963323665306631643838326432383962633364356537373537346232336363323538306131
30666364316264393931626565376636613162363039663230393665613836393737393966643133
63613635653634303935653630316632666235616363626330306363646533303433643862376362
33646333353834623933366562303166666566326539336163383764646133326239363531316334
33393864306665306338343063636564353038623831343238363632346335633335613737303830
62323031653736663431363166633036646330306562333262376666393034396438393538616335
36343563356230303431383362306634386430643330313036613034376162323636396332646165
30343663373830626138623034623264653162343237366632656363643366333561383938656235
39636338353564386661303833356239383166653764396636616666306432656563313834316530
64323233326539306166363737316136623462383836386439353065343439363832326331353234
61306439393664333361376239326538323730623834383735336633653766303432323334623239
63386363656565623933333264306632353035343331316264636261333030333337303236356164
36663435663134306462363933366365346137303163373435323430636436366533666331353332
66336231353535613533383731393665623463383863396339616231613530613335303130396230
62353161363731343666353837333832346535316535366236323465653434626161333239373163
33636162666665633262356164656464306437656335303133356238343361353837623730623539
38356364383935666135646163656633373665363939376561326266646231313933376265373964
39323265313164323261353961303666383736323662663837653334373339356166613064633436
64643562393465613862393731343334343365366135396634363666636239313137373034333861
65306264393438306666646236643538363036313761643537303631356231633763656133376333
61306238323039393562653337396463636235383434343435626564323839653766326235653063
34646664653730653065373932373063373535306637396239643163313166643566386265626135
36353261383433363639646636306133313737643564616233313838336235363930376263623332
36373530313634623031353233373064313162353761376133663735613939313237346332303336
66396430373539383363623332636562366331346130356530343165646237633239626331363561
31616433666132363766363539613032303232366636333738313337353530643536306365343939
32383432363264643236633962353062626530623638313962376131366330303662366334323738
35333436653430313139376464316236366535633538616638323064666166303666363535386661
63646631616537366231626137313232373538376163393436663732313164336433366334373234
37653932353732656164323062306365333135316166323763663834393661636638396239373061
37313134646239306262393931303639323564336533623964623963396431633133376531613533
37366535313231663862663131353530626462626664623638643662373538643865353737333030
35643462363530333662616362663163646335356431663933303637353432323635656437623438
39306534363264623134633638663165376136376132353638353562616230393466636662653937
64626663373938616362383938336131343165326566613037363736306236343535333665323135
62333062393838623934376463363832316632376464303131366562366332353338646563643261
30336233666236376162656533313161656331353338663065656133356466643736346233346430
31316665353065613535323264303937613337396265623261616664366663633630396331363437
36356264396236646564646662316538396264383331326534636564306430306136656164363962
61306230336430643238386461313734646561363434363336336565613963316535636265633763
33653837363964343332366239326137653235613037346330316239333832336239383565373836
37336263396631373130623739636561623039333832623961636436313065383463353330353134
36323632303334636536653932313064346561336631656437383831393737383264383761663530
30353631383430663663306563303332366637626263663330303266613864306461663964663733
34613136623136616439366133346639646239636263633835656463623062653166653836613039
34623264316136366563356132646434333433626630623666386663643339356234643731373865
30333365613665626566373131396539326664303261326334616563643539633165383735373133
63313932393835383030393130316362303337323261353730303137643861383965373066363432
37363637346539626539353038363831346233303930643932623432323332313232333131346333
37383866393262336139626463613231633438363138326661633736346235346237343230363031
30363033326565326163643238363735663261653466366432663566626664653865313366633461
36376232356564353031303061616631613533363532383033373038376238356462323564643135
66643037363435393565336239653030363930666362663137663738646162633936313561356335
38636135373832626233363030366632353466383565656465366632316363313039393262666337
65613531376132363739386164326462316461326335643535636539316236396132613331336362
31363337666337393763626239616537653461363337653632396339353333366365376265623065
62386531313032636262623534373839356266366462616665393838316464636438316635623132
32613366373034353238353662356631383132633663356134643336346130326438356362326238
62313830343863646162363735343366353865663139393734353136626132653738363936626531
34633330663661333233333262356237616231393036613332623762393931623761376165663039
65633532613761663332393366613636326165336432326163383430333636616538653065616239
36363738663063613733663232663661306134343366656137633537336661326439366266663034
34656236373034333335353861316638336337363130396564376330646639356330653362346466
37666462623035613137613736373334333739363361663934653466666563626231366339353935
66363237303430636463393364383261663065663733393438623732323361326630383330623738
35653238643764623763303363666233366465303665326432613133353235656162343335383139
34316161653236323432313938643537623339663665323438363366306564643931653461303665
32653738366536376137633635383139613830626333663235363231346632373133666633383566
32613361336161373238306138663165353637306361356362643732303239396630323931663838
38626139653065326239353138313732316366653232323837356337666466393037386338376639
33376236343831666364346239333862613262323233323661623963663766393137623362616664
37383835613734633337363933373634636564376232333765646564383563313761653537343236
39356235343965373364326664666530613561346232633030363163343365343433663031303739
35376338326330313839393964396237666162653162393036383936646336643661653864616433
63613261336431613536303331306263653337643834346438396339393435396561636439383663
63393032623536336435333962363434303466346137653263656563653062333961343364396365
38363362383866633663366662663832643038373633333965346434303661366564336538383634
39653463373537633036303763626433666234316430393736643538323766656432326537376130
39613934306265353638386465393763646266346439623065396639346663643139356637303761
61363063366665376564376461346535316262653437313134306330346332633436383235326562
35636138613661313532366331653830373934633139623631336331376636643965653834343864
62653361613862653631623961303036333164303139656538633965336434336664316532363536
30363633343463303961306662643539396165656335336336343230616163666135343462656439
39376333383032616436313035373238633932323738643234323236643136666237313363356162
34643332313039663163303435343536616663643034653834343239363436613166633633396439
62306635313531616562326430373231633239306363346439623037656462323363336631633831
33643436323130393634623136306433343331363139613462393630303237623538363962623435
63363235303339386461643262376634633863633261346438363365383664393362346566636661
31646664643164656230643338646634653434303934653234393739636231313930656438326639
38386666306132613839383036313938366336343263373238623239373939663661303361313861
30303834393230336339633738343334663439383830353030386262666532663537623035393230
39663866393437353738333866393265333865653666333632633130626363313439663961633731
36313735636130306264393332323334613662643265393738656630363032653339616566353434
62616430623561383765633466613332336437323732656535376330636636343630316139636232
66383436336432643837333730666131613337346530363164633336623739363435303931326565
61386132363062386565666664333161356635356663323637613335396462643133613933306233
34643131326535656538386262386465643631393064633437383537373638356534613639636264
30343330386561393735363566323439333165636535666339663334626263633833393235626231
39376330626163636536316662656435306439306564346462333337393062313931623866663834
31393130366231653436356365646463356264343465353964303132643864363235363536383462
34383536373937383061383865613237653563333637666461303530306166313761333564646661
64336263303734313238613736396632336231306632656462333935373437333431396235383434
39653939313535316432383736663938393731373762616335316237393366616135613533303632
64356365656637386633323930303337323430383439636163396332616432333738316233633834
64396163383733373131376162306230393930666563656538613462653266303265656465623339
61383838383566323139336562323734356365366163653139386662633230353061393839316431
31623931643735646234633563653130393235316164653539643039393231633335336633373631
66373133636361323834633266356431346361336138303531316463643537313933323537653735
30613731626330633234306361306431386366336131646130326334346364326130343435336533
66386439646237633761383638353530623834396564366335373236336438386262653537316333
65653065383334303134623163613761396366663463326536643931343034653563323732356138
62613530363738343935376130393065393434653561333336626566393932303761383330643363
35323866376438323637346230313938646665646437353031333238343937316161323839323566
36626134646238393939626462373365333133333032393061653738386135333639623366366165
30313264643137623161376261343633626131343731623231626165373238363762343066653732
32356462613566353939376262343436396132373132396166633838316161623962333336643666
31623961613165366162316232636236333164646434653639626439343865376434346166393934
34393039313364656432633831316237303239336466336435666132393639396466326466333037
64353434623230653038633238356637353436626464303365623035383137363232623733653637
62363730623962623539643136626162386539386631363863336566656266666363623563383630
62343933343639653039633037323335303461366231306164353236353133356333653733376165
65646536376531643063363539343462373062303130613133373139663733356135626464306232
30653437633763383466363637313964353839303839343638303462363662306135656638363831
61613964643338333335306630626332663033386135363236613061386263653235326532383035
31323235303534303731353234313433363737326365336634346361373831386638656438646139
66616165386631343830666565303436383332373466386461336434666361376530653661383366
35346665363739346231373936366364386431376666653535613132396362633231346166333236
36343733346261636265633038626265626235326231316237623637386563373362373064323737
31373637343333653733373238386563343365646435333063393835653038363264373131643433
64343862306131363337376131303832306663353338356433323736333365646230366232623232
39343366656131356364653537386430343530383934633333623238336534333236333930653665
61303030303035633932393732343736393864326531616434336333396562386135376365393034
66336162343165663062316237623462613334313332313137633462386235346435313261613061
30323935383937326165326261643935333138356337393437313033323732363033303463363465
64303431643231383033383731663930323861643562663130353263343261623965643331646233
66306335386636386139306336386533363161633434653064333936666566306662633265623131
65383931623862653634373262343437613237356530393735363635633036353861356337393431
63336434323139373463666636633863313962663237326138333663336562353864666530643862
32303637643563626464666539343230373765343161323962303162333339356234646561383437
39373962386131633431376233623564333362653735366331633338313934643465643364316533
30393462313033386139333062363731656264386230633333643336346332386131613332653561
34663834363832663164383263616434386561646333303061353730376635356637663336643730
65653632653638376332653531313632303232643466653235306232376266396236343462316465
65623334306137613530646661303961376466326563333439386237633238613463303662396461
62343561393961313230643034306231326231616437303538376465663330343639643435393339
31626635313061353136343031623265663830633438326434656265356564303462303661633237
3036
