$ANSIBLE_VAULT;1.1;AES256
65333937613830373334653637386263393665616131353430363566636339313866323737636530
6631356633393437346366363339653838353262366633380a373438363364336665306232643437
36343261663865393939313536393861353030396637626535326235326231393964316130306366
3834613364343233640a383866656564626236313237336333386433393063653137353138616333
36313063303231653531626565306438343830666566376364343434346133353037623763313062
63646435373964666439383362653465343365383137303233316337336639383434343466343964
39346434653839363965306139386666656465653062383831303463326566626664306137613835
33383731626535613538623034393138396633336533346163633134303535326532653063346666
32383736353239383537313661326363373362383563623334326237313338363231343466386166
38303061323230326364346633323535303265663365353661623063393239326233373564333563
35633835356564346438643836353935636432643733326339393036356636396261633466346233
33356265366138373533313534613435363038316336626532373937623934316530313062646639
30303063633632306435666336313433626632613334653131633132303831393234306261343664
34633436646630616632363763643261343931313930616463363232373265353565393364373763
65653030636133363930373234646462613061383638393431623137316465333734376465356536
61313466356166616536663437306161656231386230613733323866303962396332363863343162
32626639373437363064316136383531633063653335383161666463366539656466313962333737
64653134396536353036383632316635373735656662663639633938653437306130336537373937
30633334346262633834613964346338653230303361373833373965663961653338613230636231
32366562636565633032613237623239623664663961373239363433336332626566373631653539
64333562346231633961636134303237633061646331393235613666353466363432663434663433
62636334363265383362363836346632373361333538393066623639313333366632623464613734
64353765613835636464616564646365343834633731633233396232656165333533386432643237
35366461376237633233393230363562303339303365633236643565313935326632353133316465
33653334313065393936336138326436313431386633363431346164653461306437373937343733
63333733343565373738373939656166633838643035636335643532653333303331646536356263
30636563393964336230656264396366653464356536376338636662316464356630616135656333
32633864626262633834623464343631333066373438613262396161636339386365633534633132
66306162346466663765303866643063646461303336666338376634623034353031303339653838
31356235646236383462383264636430333266373162373331383438396162633734366630636331
63353830313766303436306161643436613262303132356638333561616365386565346161623138
66646165643738623163363936613931386533653564303161393065306562373731633063623363
63303265623439633436356261343435396635343436363732386231643162373938303563373330
34653638313237396230643438303165666134333038306236366538666433386564376638393637
39363866336164386533343436393034373661646161653734356237613665363161343966353466
31306432326235393539306533303561643663623565616165663562316536336637643463346135
31386661623931323564373437643362333963353334316331636165383761303765656132613039
31656262333665653236333963366533626263613662333564626334363465363565393730373863
64643263303239366135633566326533623638636232306636393832616266343664636431303034
35383664666430346563383330313431336532623665663637633837666263383966656537333637
62323864643631343433353938643632353661623239316335313964343865396463633738346232
33623632653735326530623631373437306261363530613734636538633035393635346130633931
35353235323338633534353532643064383535656335333232366631663332653639616235663662
33373164336534383163326230393635643430643635316637633832623466393862653430663763
66643834626632366132613363386462383930616132393937656536326531663035643530373834
65363233333530646238313064366530353465663738386238373564366437616137333238663639
38363762646563643662353061636334653238663837363432356532353539353138656262663039
34646363626239376262303239353939306331663132303963623263326636363732326238396665
61353032313138306666666663383064373535613937386632353138326363356137626139323936
34653539636338383764363363376334313961353066376136643164323739653033356437386162
61363462323730343266643833396631326161393337613964326162656532333164626366386162
36613437663162313537633134623963343035326463393536343663346430643131373136303866
36616561643834623964643039666165323233663835333532616165666537343563373835333039
30633937396662363634303236343233326438303765376262663761313562626564313065623233
62363832643364363163316633336435643130656561386364303833323865613931613362646530
61306631343335373064303833633561643232306134396635363761396266616338616333353335
30393032343537373964656630396466626239626166326136623861353065323363343466396138
35393035646363646262373731313830336535366466633263353664623439383734363366643532
65366439666362373866613664396162336663336635313036346364386663656431626338366439
38613830346531366563626534666365343937396239633162663436343064356631316532623034
38333534303461363266336465306435326266633563653063643638363732313766383463303530
32666135663862383566313733313739306161313939306532633864386535633131376135366566
32366235336130383931336362356366363532353635303661343862633964653430313630616566
35346136363864376434643065326233316264653263333734616261366436313134623932626239
38316332613439316632323137393864646433373934653636666431346531386538613863396432
32336261636266346662653438643866646461643338353032313630343733316564373561306262
62393935393161323266356630363633316261396638623764666538303533316563616134653337
31336664353063373030306134356636313964653134393631633432383138643139376139356236
31653239313138393833386134386566373031373331303138613234393530333863356564336466
33323764623933623765643032373864323934303737663332366139636439343266363131383561
32373733346439373135646265663733376535366534386335356464386331643264363362383264
66313932643539353661636436393038306538383536383765646635336635613262366331336135
30393033306463636233396432303036323830643361663132373362343563333133303762393932
66323561323365313939323038336633663130633161396232653437343765666434386663633166
66316661393038366239623039666534373236343636626130366335643930316262343764363764
32383362333566353466393534643466663539643335616438616264663264363037393164336462
36323565393333616361646430396436323236373732356230613966313963343137373866666365
31366461346433663562363133333362343238393337336532623136633565323339316438336134
62653131326630376130646235633430393438323565636461663764626234396338346236376133
33613334653930326562326139306330613535396364323036393936376332393135366636313331
62623938636438323434313734306535363030326633313533353034613330623832316661636333
61393834373964643430636439646235303631336438303836333735343833373038313362336630
66363963653636363333316331346362646232633534616262633932306536623731373561636132
62393761613164396633613139326535313531656438636337386334613736616330626462353030
61623931643664353938353738336533376430636538353961646130393538313934363561386237
35353362373335623462343434356139383666303164623236626263313865376630303665303039
63306665666465643136353031636439383636623732363337643038363064656430626138643332
61303133366362303739643238653263623261613263373464353537313364613963653465316164
63313138653435303639626432643132653363393165633064343966313961626536336132343632
30666463356537343066643039363732633765376366353064653733663363393461363436326464
65396333653139633933663963623737613630643163326135373466646662613539313338386132
39373663376436393339636435306464613865376330653966316464643161366331636633373664
33306262303539626135653365396265636136336262353539353032363331643130616533303635
30303036653734613636346636663739613466643064306231623864626566643463336432303139
31653838393566353466393032613861646230303062666137396161303234636437386664316630
39623062336133373435383363313934663432373431373736613230336436303638343765663139
63313336386330376536376664313233663335633366393334363334613765396535383032336465
33303861643534376332633738336162363434633033646163373862613330663964393661323534
30353530353332626436663165663037633862656231653462316536323130346431656435643366
64303761326635383763663132316436623832626162373537643430613537303838613336613937
32643736333833323835393238373366646430306562666638633938306163303063316137366338
31383838643563363733663931316234643731316266616234343963363137656364663363656431
35656434386136366461643136643731356261313764393032336565316236373334643261326132
35393130323337323335333863383433633138386233646336666638366362396563356339633938
62656161343365393062636361326639323264643663616464313335346666616563393339306632
36636166613237633135363232366637323536343837616339343832376530626161643365616631
39383661373934303064363739613765656132636633383665613062323432333662343737396439
37373066656365326636346537623864386235616333343335316638363533633437306461353162
62306636316362323039663330373330633962623664626561323662356439613332363832396336
64346338336530636633363637663365383036626438393163663136653465306263363633356462
30333164626231653731326633353163643439366563643837333666386635616662346339653030
65366163363134643634613038653563386436366666343466373337353164613031316236383061
64343139643235313436373938326262363439656534663435306666353662343534646161363633
38326564336234646333653235333932333661656165386431636335373364633966386637316265
38616461393764343938303632393738646539643939366230393639313437663033323161363336
32376136653261633663393530663332613765336133646232626536326131393630613431666236
63336536366539363430383233353239666533383937623565333266366535306536333739323634
65613263343134643862376436623934303633353135393834356431613864656437613038383163
64646232353133643361316235643336373531336636316336323531303463333065613736353031
35376134323466383131633834636466626566623237396537666331666538633765646230353363
33386161323535333765336566346237633162363133613362653564303563616135343662346563
30626635376230613031663830323939313738626635353031383439326166613961333664363037
35613065356463666462336639346661656361616131643239373033613465613966316534313366
37653539623563646235616636346561653965616235306533373731316236623438306165366339
33376539376630323238663932666637363937326461636365666434333430336633316139323931
63653937393363656638616637646639303363616261616635336233666137666562306336323334
37336438643331393466336238383237623936666165623461396634353165646161653233363566
31346565323965666166316161373438313537386336356633333062393566626262336266346530
64646163613632393531363636303763333736326531326463376262373361626330326635316539
65393961313763646662633564363466396263646131303261326539396465303536303762353062
63613235363236663331373636353464613533333231643839353764373666663333346133663263
66626261393235646633363535373738643734636136643237386231643638613963363638333430
65353261643562333030366562323634383637343838393565316365613833616163363531386339
31373136376535656465303466653063376236623933396330376164303938386664383734623561
61343634306163396566666230343463386239653839353237336335393763613266306664383832
65336162373030616137396536636665343734636238336466373839343932643366316137343466
63396461313261346662346663613732316338353661313133323066363834363932356566356265
35383631313364646431323236343137386661376465633264656231346336323535396336373330
32303834336264663936623464633930383062623864633365643531666632353332383237363630
37393630316366316533363836383233353662336333376664636439623238343230613762353464
35663466303166326164663739333033373831636536343837353435323635383731363134353738
37333930336534643436373932313438613863643331633933343131336230346133316566373164
61393965313635626532633230316134343238333362616235656238656436363063393933666134
34353638373831326665333738653036323835326634313565646531653861336433343761373761
39646138613465373538613336383238636336363762346130343235633362636536613466393366
31636264663334663361396233383662333437303439396165393864343562313864376535313234
36656330353732346435383638616132313330313633656333633064656266383139373534643865
34363962333837393739336537646332666534333961353030323739383538366163383732613037
61366665633164656234306264313463366332373364393735613865383163353030346337376363
65626162396662316335623135393866313661343337653062613761383534383365306233613630
62623535653839353462386238306130386566396538313663656264666361396532653363393738
30613163323336373562633565666461636362363234326266353038323561666163663962633363
33613464626662386131333036613838366664313432343633646433643836316439666462386566
63366663653633626536316363396664653966303331306262613561616432333461353339646461
39373563343665333730323039353738343763333365343938646135643436323132396633323863
36373337653835663465343632396636316166363431616636386131376239636138303735356262
34313534646362643563366430623566376531306266636134333433326261353365383433616338
36663931353764653632396239363234376134396535363464366563666162666231623366356463
37633164323237383262643163306536633764303937373536306332613532356635333964356236
32343863653366633634393239303862366234313266633761613638303961623064373066333262
31376131623437336262386531316630333636393638633530626537633064343165376632396666
62663663323263666562653430653162363835303038663733343833326365323162613764346265
30646432376662613133636437343865656337616563636639623134623338643636326161333064
31643366313364333437643834646130646530313233323334383335336138353564626530353663
37316236616134313231363262663333636238383764343636653264303835633161356161396332
36306533643163366634306639623561646330353365616231326537346365326361343335396330
39363835663961653061313262383464363236336638353536346638346163643637306331303033
65366531653466366431336263396530613434326135643933616534393362306366343566373638
36373432353333656531623035356332393331373931343934653337623635653466366535346362
66306565663765386531343436623438616136393664646132653139663063373061373564306563
38363566323431303233353261656665323639666433363639613236363634623432643766653335
35326434353561376163373732363564663934333130613632336631633261333666356533333463
64363236393532313161663861623939643835626134663962656539393733376333343139393765
65323538343162303732326232633062623931306564333561626234626261623232636333636138
63666630363665663433346139633861366131653163626661626265646266633236313336393935
39333232633630366631656362333839663762393230376438663464386437353430663034323137
63376664383664656535323739613962343030333436656265613164303232366534343863616135
31626466306661333238623932653830323936383065363462663335393166336137386131306637
36663933653930396265386336333432636665373838616631376162613134326435313034373833
65343238636466663531663937613165656332623135303765666437363433323839613565353461
36383465656563663130333166666165346134376263333637363139373831666365333166643564
32323936636431613030383562326636383139396331613838653263313162333732636266316239
34623339353161316162386164356532366638663961633931376333613132666661383731373063
38383633383636353430346133363338613463336636353436353831373937336362303263353432
35333932656633633363633031656365393535336431366561383735653165666233323966333632
35333564643434616634643233323332653033656639643838613061666365363566383366633633
30383632393639653038333661303865346662326538346537313134383837646462343963363533
33633538326234343835353730306163663239363832386331313630336334653532613863636461
39353136643935313865653034363737353938353763653230353138353062666461353638343738
35653833353363343766383134653066653465363363393035393264626134323864666264613861
65663763376161376566373164373266326332646237366463303835333365653635663631353532
37653666363338393066383764363637383965313934666566656635643331323830663437323734
36343438613333636163633365303864653538353335333536303232663466393134333063613831
39313434666264643531326534626438333630613437663462333761363666366362343861316265
38383839646664383136323262336436636333653562396263666162343636663930303239373435
63393961356166363737623864303637326636313534616235333037653165386662613834313734
37303633346563323230636163396161393265383637663262323235346465393665623730646436
38633662663334366535396266643062636362383034643036643630666462323139306137316334
61633364306333626130303263643936376365633066393966643363613039343961386262653335
32343938663330623361663130313131333433336261323966393237363665386661346466643566
39326361393938396533336230313838386666333839366337316430336134326438313738613137
61343362356261643539643739376336323566313035656665366530313133376631353637353662
63373536646538303761623637303261343639373232653830316239353165383363663337393764
66633631386362313264313062303233316335393430333164303330393130323334643365396665
32373564316333366465643230363363653862633839343538653066343030383336623336666233
62623661353032383836363039363137373236356339343331323062616564643062666634656636
39333730623864626233353632316665373333633066626632323263636436663733306333366537
61326637343338653961386635626662613362373762313137663437616637386339306233643239
39626638323536643764323337373132333939613937353166636538396437643939326363363431
34393637353238613637326262633266303031306639363631366530346430346435386162663631
34343663376239373863386533633031303739663662626539306364613239303564666366376666
31623566393230643262633764303331653765303637323738616434613335356336373938633639
34396662633635396661336438316331373639316138383032643630653232333465343766366434
38383035343835643965393463663830363133396565306333333262333838613866343362643839
62613338643365353165393534343662323538396264633337356633616339633364343364643230
30663631353163363332616537626134626535333931393331323231336337656137623733323338
31636430343031643865396462333731363262343163393965393334313530663335373933386230
33353831333362373761636230303030363965323536343765633862356530373136636564363734
30353236356662376334353862353138373731626165326239313130343235386634366337363362
64326362623133386137646131306362616438316433376165636366656136643432663534373438
34376132643333656635633464316231366237333266663761336264396130636537616534626531
31373931363139326161313461613464383738373032623361313638323166653962613062623065
34326164626436636332666564656331613532653637646264623563346664393364343837643139
31323431383839656164613139653431666130663961376534383862366236373035643365333266
63663361646263356161373334396165383036306434616639336562373533326131316339623330
32396662316539623662323530626463393139356138616165666337396532333138353561333632
65663463636132333734366132653633616638323263373662373962636531353335636631333033
32346330313365666138616665633332613436613230646464363932373464633762393531333862
61306532636136353534333039656663393137306638653137323664313665663030316665313465
39336464366539626163333037646134366363306234303839373861373334656433303565616263
33353764313366646335666633656230373763613434313461323062646633396465306263313162
61633366383631666431313631346363666662373936303934373231643138616533653236643536
61656462396538656139356437663062643062386433633864633564616636326336653761353161
31353434316237643230636433626534373663653164316335396435636631366261306235343837
34343632613031643834643666313263313466666264363830613130343462336637373361656232
32346130653765353664653065333039326435613064633032313565613937326161363931613061
35616364363231303465313934363839376431666436333535323235363034333133633933383338
61303763623066316633343733313131356136353430323832653361323661666438646639616434
39333536383639393839313831616636333436363132303235383433363061346634333131646238
64663066303034373464633939623061313062303365626430383837613162313663613736656634
39633235393732336539353037666363336463343935636230323862663832303139653862623866
66383432303562633336643538383532383664363134663063373034653635323732326565353837
37363062366665336633646662616231303734316630383063383230663063356336626433666635
66383931353232356337613366313632633330636533333832323436386633363738323063643162
34393131666466396561643837656336656434346365663734653230613461353034623030303264
39663166346337663138383662306536336334306231613462303034316564353234376166623961
64336233343632373763313230613639353537336136633761383261373435363762333263636664
62323564613730613532343665643261393733306533653331333932343137633434333131613338
63396239666638616236393130643339326161376664616565646662616437333937653334366536
32393965363266333062363363323462353965323135623863306139633730663735316264366166
31366339623534653537626162323465376161646363303034393738386161316430336463343733
35356665303564316166666231366430303661333838376330663236306562623162633639356633
36653761613536333133353365383138393264646538306466663865303965653633386265303232
66343731616365653663666532386335653639636433346537363334653861653939623966386335
34313636613162396364646433616363653539393539343638373864633234386361306635653862
65636363343436633339333465666232663062623263633532616131313463663162643637383661
61626636353536383564666333303632633863323663346565306565663430633733336664653632
61313034613938373464316538623166323438313531303739663139616530323165633230396631
62393265303335363362303634646464666639306238373464396566383432663035313331373139
37326430653738643335643264383462623033373731323266623865626230666165383932383165
31336265386131633761363062343534323165393438363666373332306565666436643461663831
35653861353563316336356462393032363831343037353932623837383032643066646261343362
33336265666138646532313164663165376638313631346662663134363436363565373465303164
35653434313038376164663863633663343831366536313132636239626231633533383336646165
66383438333961333633643665343639623335623039383266393432653533323262633361633930
66626165666630376466653936643032373734626331633036393562346336383962643163343962
35346562333634383066623130623533343633366264633234306166656162383737363430306439
30666339666433363339663331333636366530303936656232386466643864323930393462616233
33396634323936336332613134333037623937373564663261663731326662353730323565333834
37316266336132633464356636623830616239333732656439376130636633333363373834626564
64333631323963653262653235373037306133316431343262386632396662646238623066656637
62383035623163313762363161306663643731366665653636396665623531643463326331623135
65373163373132646164323135306662643937376331366332373232386232626137366333353131
37633236373663633532626164623736386664326232356338373061333863633631346137613130
62303365646337656634663433323831353865376533653565623330636639373335353431366139
63343637623034633533
