$ANSIBLE_VAULT;1.1;AES256
36386637313833336130343932396664316630376562306130623138623130363032323231366532
6336313237313935663033623762366337646538346133360a303963326463343331323063333130
39636132653562326561623264393764313263353537343161663263313066656464383938366266
3034653037616261650a366436663236313132623264383564306165633337386565616661663064
33626434323361643664343131396639633539343261336332313634643835653837393361383735
38326538346233336265363938356433323462666432643666663834366532353564666266316536
32346565633638666464323537613438396136383061336664653734616662616130323138316636
34626338633834333735343637316363666639636533316661666565366130623834646530656561
33316133343239336633333666653061336561303463386664303663336138396163363165653934
61393534623238373765386365376335663930663231316636343938313062653363313565636436
31613034303033356333623035363762633633383033396166303966343462653538613761663533
64356138656333633531336332303139396439356339636164393436643434303565373032373930
39353830326439623138393932333063633137656631323732316665626264376663663633363561
32653134356432373031356633373863303934343262303837656465323134343766666333303361
66623061326633366437356230626364623564653638646533373038363839633061663031623237
37383331376563393338383233323961383264633133353262343837633163303834666631336535
38646237626238653431616638366139363961663332316136663439643266613265353932346137
65626363623466623365353963656134313834653430623562353138613663383066643134303762
33613039383732626334316339323666333236623633643464363733623133613662333337363664
35626464343961663633626563323163616261613535373031343032646165366231653065636234
32643866333636646137323731626262653066613338653132623432613762333537306131653165
37356563376237333134613666356634623665396263393837626136656464336462333563366435
61623633373535613463663938396138666135663930633563386465323761626665663530376263
34396234313535303836346662653939333837363234663139393537613365393166363734343735
33356263313038323261313435313565636437626239323038383531346532343335666663306535
33613365303633656131663335656439666333613561396532386437613666363266626634626663
33636264316666333161343462356664356263663836336665333266396638656435663139663032
64633335376335316530666437353630303361353533313661336666313339333536306139323533
66333339306165343130343539326465306537353532353431373766336135623930333835666332
39363862326530613235323238626535356236636635653139383335613533356464306266626437
30306134636462666131643230363935376131616661363535386231666430363034363162623337
32663739363330636235666237336338333132356133383433633737363663636665613463346637
31323464633839313661383535366235626362636665383964386134656635386234363937663435
62333265316261366639383037643361336261386535633539333030376166653735363036323561
34363937376135663930353133616561646466396265623766343030383334356531643836616634
62633938636537663334313435643730303238613233336339643363303062346362636363626137
36643966353031633330353037633061393562646437656634643535323531633136373637333964
37616335653933343664346561376664376663623937633630333838363266303137616530323430
63613365366163613536353337346262663036336634353830646562633332363536326639663964
37323035386662353761313364613866316336393761306361306261663761386536373132383736
66646237663636333536383031656530623264356332626165643035393636333330656463306137
61303238306639333466303665393465393739636630313338363931306666343238346630393264
65613561366637343339623261383632626464316637383932633461663931363164393331356261
64343536363864666362653139623261386237373531366235666233386534666631343336373265
64356433393939356563303864663665326137383330306237616363333362613764303765616639
39353938346162343430386530373964643535343939363862616363373434626331613064376331
31666564656139663664666166333064363965393263396438323635363030323439356366656634
34373166613835643264643436376366666233363664623361313430386638653136356562303133
33646665323532653737633832613238336535323033333336663765336430343364646638383934
30613433323665636230336665666361643930393965633564303266643539336636306263633234
36643032646631366565303234373436373132386438343461366132343934623132636233356565
31646136313330353139653332323165646533323232396336306534613939346531343531373935
62643634383565613736343539366534346534623139303630313439393164383264343138343035
31343135653333343036613732653031666261643430383464653161323236323737366262383963
66613663373737333230376239393561653935373832376436616531373737623336373732363936
34656562643262613361666431346534303130643039393265343332633064343865653135663638
62613965356563663861326630666433366566643833643166633535303631653438333562343761
66363438633162363531333339323430323463626330623930313230616638633436643836313131
32653831653731363836626635303436653963303933623034313362613332626336393363626436
32303330376666643361666335323030386237313061343633616232633035323662656431393335
61633065353161336462356162386565623066393233643562363039663061346166353235616638
62393963333033616635633865313639376264666661323532373634666635643431383235333738
38663735636665653033643736336132326164376335636538396635633439383935393165356339
36306332333234663731363262653036633333363534393036373230616235333565663233343430
63613130313533373630666539616533336566336532313434353934393034613637613637353536
66353537366131373363383261356337333031326139666266333133613838643639353364623565
66393261646331613830353237653230363762383832613662643566646336643338316632663431
36356230386435333838623435323135326139333161656438353261383038346330623733363835
64653631613163313636666632393538646132623964633730326661383266383235363333616165
36383234626633633964393930373831356337633335623762656531633961356232336235333761
64336539353364386434333637316130333965616330366561363566376638656466316263363261
64323933663665666436363065393837643661383264653364623338326364323732663261393561
34663335643735356232326361303536343634666262353236376130333032613962373532623932
35333135343839383231633963663534363734316137663437393766613834303062633339303533
65393765336162633632636335366538363138346538616661303634313434643136353634646532
39616434653466316432393631373563373262373533376536303566666161316464613765633336
37346466333064363837616637663731346332393733663333663163636363376365333739636439
39646662343432366133353439303234396632383336623237626435626462616639303164396537
66376335393966636664396438393366383661383362303262623832653930653233623732373537
38376432353432636537323561636166303435343763653039656363643861643436336164393836
38616165313636326461336565626461663933303531316238383332613836643062623436353035
63646631336235316236313464626663636566636362393035396631643233336266393464663464
33353431336232613834393233656437613935336232386264633534623630343133326262653565
30613236643437383631396434376466326362393730313736636439643864333064333736316566
31653833623365343361373136633332643839356164633365616134353736356265353632303464
62363633353134616436313061626234393630393261613631333633633762333430663035353665
31313538373136303864326364386437613165343739386438646566326563376461356239343166
38343335613365613731386261346530386638393239653637303137663264306466303766396463
31393332616533633237356561333730666462613139653032613166353734386165366539356634
30643935323039323864643933626335633431346238303062336135373336623366396661333638
65663534623635643063316337643864653561346537313265666539343933326534396336623637
66313935356131663462633737353632303565383632383062646137363664373564336533363037
37373938316135356662346566333662636136656464623463633536663661643732646661663133
33306137616166343439376566306637623865653036623738353862393461626335353237353934
35366233656664306334666531346165656136313232643132633833356236353662386461306333
35343264316632666337306537633035373865323762613535303238396435613230393965636135
62623636333234653533653830613739303732303065376232636334366439373630373332323831
32316661666464393363376166303463613161316638396530356136326533373462333837626537
36303931633938336334326137316635663837373666383865643032666334396161656535393663
38303963386130366630336535333230363837653839346266666631353234333865356662373864
38346263613165653066386532656263356634323734393861393965306435636431373231656536
35643435363631393535623161653764343362653230613638656165653633326333623338626565
65373034366133666430306235306431383366346538623464613865323735376132343537353438
31306535323937623762646239623766363164316166376136346436303634343530313466366630
34363761333162646532353933663065373961363932396665356265643034336630316465643730
31623134343732353339316164313664643666363665396663343638383238353962303064393735
31356536363332656339626239366335633632373131353566653065303239663663306261373664
61326335663634363435306565393265336334643939616366666632643765646134343961356233
38343836353231353635356231653231653663343134626238633537376235653035376531306165
65383635396334633361633961313137666263303965313862366339623565363836366165386633
35306337313261316561356562653235643138616636323765616338376662393834663566633833
31333461363832326263633931653831343032366237343166633336393537396261346238363736
63323534616630353832663161346264363932613836646338653934383739356137333363346462
31313936326133316439343838386464323238383163343035313835343630306632626364363935
33333434363433663036383133393362356136613036313863333233653166353664363131646233
37633837376439373633636530633434363066666634383339353532376361396362366465343164
39626338653334643933636238653461643636366133366431313139623737366435323739306335
61323664663931383234653538383064646664396530646132336263333366366661303433396265
38396230343938333462383666333938356537383034376562363435646135623536353534653935
63636662326235396538646138303664616235323264633364383763636138636234633531396335
39333862376535343032356465343731333830393362383135353736643165663538363164623936
33393339356337613564363063616431396637303639303861363966346535626165303964653661
62643736386638323830336262663032323262613034643462333139663864343466653664356339
30666364613964346531656530366630313463656462643135326564373639383436613964386536
37633637656232666630646233363838623431346361383730636139383162353438396166633962
36373831353432313763666664363230303139623639306161376631323832333463616537353961
66346133343733653635356433336534323962656534333335303632303435326237336238306332
31313130336433666166323931633663663332383934346161303536366538303433326637306564
65623935613635343337346665616639626438343939393936323630376236333733663436356231
37353965376434623663313539386363323836353263616633323138393530636163613938353337
62303065646263633532663032613933356663303634346262346535323039343039633637623431
32336532333437333234383833353236363561663631303261346134366530663839633761316564
62666133643262303630623064623833306631663639646338646166656638663437613839613131
63346363323532633438346366623166356662373466666465366163663032373231343939396130
33316334306665643063616562336530663630636564623930343566353264643866336535306339
61633463316336376635663932346334656537643862633137613337393136373730623164316366
33666437386430613838616236643930613466613735323037613731373264303230626563643033
65653639623737376162663939313463313364326338656162623431613835393032336535303462
63613633653530626635393532323937376265646563366532383731353932336139333862363137
61316234616562373433316237393933343338393037643530346235636666376464623734616633
35323831633138353763663932303065306333336633353161616332306565346564663131666437
37306366376565653038636335646365306262356266336163663630613264653430646563383162
31376135373938396639653665656462626139636234393832363031386332393536303732363434
33633561353063323166633431643230316562653133326434313831333231376537383139626231
37323663373233616234613065393264316265396532663761383038376637663130373637356361
63623062613231376135336230616266373638636330626235623762646236303134653761343765
35393363666665633765623065303439623235363461353239666161633766383534363164353137
66383335363061333835636632333666333832383233326665386266666430653462623239663162
36663533383461313938373162613032633231666265666532346262623836656430323239346437
31373630366139356561636661653933313438613662343130623465383762363232386230363262
36313536333261646439323239663562393738356639626537336637393137353161616432326536
36653363306663646239316464333864393266326535626233333164313333343137646236326238
39366133383938623064653033306630663764623561356333666561316639336637616437396366
36643662396538643331646337653936376539363233386231383735636337306139363530356665
31616432356239383463323732313031663566353533643434653430346632313933313866623832
66633133656135643534666539663035313530313639306261623065393034313139363435343032
61303738386461383332323366646331386537613435386339323931343334653462656330663063
61616332333932373939303063633430366566323834323331383663666536633039346464656162
38366361393038303935653333333861356561623364653535313135626161396464396333313065
32353936626362643537373933353666646335326638613733333764656231653330646435383630
33396237653339653837343838383738363830363930373164323131633562366337396435363634
35323639643433386635333336313764343934623130613765633438383065663763333139343734
34323539343065386137623830323061633835346163383066346565366363313761343334303339
64383233373033653438626138316535323830633564653534333262646263613237636437343530
33626433623832353736363937313335383933376337626565386533663633343661613132373263
64316130633938386562303238383534383665316564303333323336636633323339366434613839
37653635613863363239636136333230306161363337303133356435626363396436653962363531
32393563633064336662323835323730663964313838666264336134356563346261313863336362
37373532373738663431316365343363633939643366653931643634306533386632383237373438
37636631613234653031333931303637633562373139356362356631386665353737623939616265
61663361353862336465353535393738373566646133643966643137643066376538623535303033
39303562646162313762623036643761623730636361336438336230613239616464633866316666
30326162323930303432356661316236303931623632616135396362353237663937396665393935
66353062316335613034363031306233363335616135613339643864383436663332663030613532
66393634653565623762646233303139333635656237656564623161626466626439623138326335
33653339393361616139393238393335366266636461646164663838643366343562313331643662
35656132366266336536386364306164373638363535656431316333383665363537346432323233
66323264383039303333636432353562316266386231346362613262653236366561363863623730
31626232626461663438643139386464343961363834373839633437353136613230356535396666
39636363626261343864393237376136376438393431623834363938663064306661623431663866
66313065363231633962663330383362383862363065306464393137363834363432316536663761
62616537643833366635313234353231663762656664316666326463656133623636326637313033
37396665306130336261373632356461383131666433633234636637323862306438383566373737
36323134626137333666303539313835653862326631383033343266326361306665653566306335
3564
