$ANSIBLE_VAULT;1.1;AES256
30623639366665656331396264623666386166373163353130653166626165616436346639326638
3338663935373062666530323135353334306535333961610a613533383465653134633230326330
66373332373566386130613638633831393039393562386665643730303035626662303862306337
3831393964363135350a353262626630666431633161653437333134656238383238343837663966
36646464323064643630316665316139633733333439303065613463326362653164616466613238
39386362383161643933636365343863613539636332366463636535623932623061316435363734
65393434373231396262663136363135643132613633323661613133626339663563363630356331
31326561393364663738383739646137313461313138343862323736383935656431343338653663
30363131323132323237653836383639643961383838323837366338363733323439613363323338
65323135663030353961323732383236643562356337383233653066393664353634336164313132
65393663653365333766646466623161393636393934393338326339373563393939373139313538
39306566316466376135383133333739616439366165346534633864656238636463326337643562
32626637633230333330393164613865623030623132626436623861303436343035663739663537
62643963623963366635313630633534353863336465366166306362663863313464316439333935
65326333633037393738636432366264663961613130386665393432656464343534323537623935
30663431376335303036
