$ANSIBLE_VAULT;1.1;AES256
39643933376438393537323038623132643665333538613538626361313566343364376235373430
6262643736666635393638633437363665363438336139310a653037366234303835623861643637
30663938643238623162306138616362656631653265366332386436393332306332333437656234
3466613831623535330a653630313965653238396266333239306263636532343264316162613563
64613961306561656566343064663633333934303061613735323336346363613831366234386235
64653763363461323664633137373935613163323463366663346364386334656439323666623835
35333364396339633663316666323966313136306239633036396435386234363165343166636439
37653436613538636132343665396631336638383565383737356263626236363036353064363337
30626437313035373637343539383562626432353564313333376138633261326631663134646532
61633534353039393831663966346530313234396335363133356664323662326434353065303166
33326138613765636165373333366439386464326561613434326462396535353564656165303430
63393761656339636430396531636564306138393462373865363263353731326239373362616435
31663162353535643637656663383964633931313835323036333432376137643435393466623530
37316164306635626632623739656639343638666237323036303033613666333930663133316662
62353666653437666337393864663666343564316237643138313264323864336364366135336464
35393831653333373666323532336163303131393334353039616466306266333632343064303563
34376562653839393834363865633631326635303336653664306562376163313566626262663933
63636564393535666134376639663362613466623863633864353230343363303136353536346632
33376233306338656235386236623838353935303339333363613039333835343864393334396338
34393734303435353166316163663636626361636666333162313732663262386565303963636535
36623639346538653563646134356166666136646531656239666164636661386334626164666666
64373061623530393162326631383834393638636536343735616437656163313065366437333563
65663265613464623833306262636161626136623065303365303433663063383437646361323433
35663866633739373331363637613864626363333934666261613331613539643831373835626263
30353532333636643661396537386530316533633562333262643963383539623536666131373936
34303934666636303565626134613866373262373664363030353332613964626330316331646161
64623035393532333634313134613236363332376665363132626566643737303139343138353665
33636334636263303432393630306563333937323833306437643232366337313866643164313466
66323037663066376261353764613336333062356361303135386662643639653764393066636532
64393330326562366231313830343664373030663336633335353834363832613530623333363431
32333163366364313033366331343964353266326439356263306537616462393961363562633962
63313735313636613931393235636337663162363836613933383365633830303462323239326164
36323264633239396661656333363130363366343463353361383363363433326266326530313433
38346639653863363630663536333462623534383464383733353236386536666338643763393131
35656439356138353562303635306364313036366133656335633964656435653266623531353261
35346662343038363164323961643632383939333032626563373337333062373763653839636565
36613934313235613661333866626132383530303239386565303636643431393331356564323534
63613633373439613438366261366362666265623536303837656561366463393961666463383330
30313331623034633434663935343661643131643531373065396365656561663234383439663661
65303061386466323431343632353162316330336464306231653131353864396431616262323663
30343838333632373961663538333436383361356235313537303661313937616331656165373964
36626261316438353364643261373230383336316331653138316331636566383130636332383937
38366635313339336462643533383566323535363130386664396635356362333933393663333365
63343235333366626134333134636636626132356634636632376230366532643465316631386430
61346262393937656462336639386633303537336638663261636365366634376163306631643930
37343036613634396532366332353431653231636438646433666339366161343233316166343064
66363065623031373238663066353362323661636337396232323634373035646531663531306536
62303231376332626465626534336432316138343732653066303433633965316336616534656534
32323137643437663163326437393862353636663562396263656631663136633734613061643463
34393061643135623863613531626566636663616362663938336434613637366363303136396136
30326666373535363533613761623765333234363130613961646538343838376633656430386334
36366566626461313539633261316431303433623063313565376662343962653036356633356461
64363963666138656636303633336364616465616464353937353561663963646438646464333966
30363062656138633935613734386463323161623334636136313464353837366666636635343063
62653835323335333335356366663966303730633631363339383231393662363132643031316336
36616335336338653264653236656363393534363637646563336433343330306266366465373764
66623931613461383165623235396135656137353566393031646631393338626366333861356633
61663831626537383561333434343766653831333332336663663162663830376633343939653261
32363162353135643932623232376465323263343738663831366661646330653530346565323262
63313937363864623934346363346138646137643639623533653434626437663330386464323035
66656234376335303837333732643432323337383039363733636633313539626632383835663962
35333962656462313931393235383437326331393239373565656664396637653263616338356434
66396561336563326435323465313862643264396631323038366230393138373230353964626261
61353666303732613966626162663066343134633435366166653361353232396361393637383864
64316230316463323565646432393834643362316562643436353938613562386631663638396463
63306632326635376463643261343863646131373135373833346234656265326163663061353031
62373135653239363966316263643463653163613532303866613866323839333432623130303362
31363939373535653566346430653664323864613439323561626330636230303264386535333131
34663836383238653830386638616662613938613066623566303135313232323062653364363836
39636531313765336531613466323338333731663663326438613838313534396566323761633932
37383439333264363533633762393637613832313630393462383032333336643239383766393261
38373632643063623962346362623936643462376362666561386536623963333137373761613465
66386437656336636665326138623531313436393634376335373231663633366262333236353133
30656539363038643338653035643539353235303635643962323139623662386134386266306530
33613361656136663637616366336536656366303338386134353566313431663236396561336637
39363665376131376463623630346163373535383531336364386262373561643035363661303738
32393435313034373030313733633836393737653634353937313636333762353866663735333665
39386137626162653461336532363566343064613136316232656265316431663633313937353434
39663136346433376636353830656636623763366630656661306233626630306166346431633333
63396230636264656232626439623832613537343538383261376461363266623537366130356638
35366531383031386363336462313061353435386234653162373962353139353331666464326638
32393665623337633061343062383365303839376430333039666633313338626463333536363731
35386663346261656662613436343836633566313663646666393432306366653866303139373036
30366561646230386562376439613034306236376332343962323861653462626663323133646338
64386465326266646232343166333938646530303839396463323634623438333763376533383136
39653734373236383339383633356536333436653063356435383035653730626433363835643737
38646262356232323366313135613934386434386137316566313765363433316536373866323637
61333335393661373762333638623166386166353135643133393065656238616532663234393336
64653962643937333237633063353537343064373061613032626630303065383230393633623361
63616637343265333837316131383230363735623131373765356137623331633965646461653565
61376236393239623536303636643639383537363630333532336339336639373161613162303231
37343738616630613739636234303763323662313761626236613764633739353739646662303034
65353631323738613765333032393564346335336539313530623435636161633664323561383537
33653637333037623239383032396164393138643366663434376436353730313466393466313061
32333064646363663632636439613461623033303461386338363333346162386433613139623632
63313364396430646539396239363230636664343361333338346165323561333232333637313137
62353434616534346231323532363465363233386564353131653236366538303531306635636435
34366131303230316364313936653837663130353562666662313561333864336635656562643131
33333735303631306439656431393730656336333862396139383532386336376261623236326131
63306566643961353762333431303264303664633064316136663965333066653034383333663663
35663835396264396637613263373835333530313563363464356235373333316661353332343839
32393037346638646534323666326361353635336461666335376165663138353463393432633839
35633533633533626339636465613634613965656362356434393163376133653937323366353131
38663665353939313438653235663565393137323561393537316537623065383637373638323163
31633634653531303465366362366136613134306431633562653733333434663633616232343062
31396363376631393765363436383339613861663866353738316663346465343130376361626532
35346364343639316332386363386233663365323562316432613934343937366531343666643261
61303036386364626563363732616535643565363963643961633561383765323966626562356435
39356133356165346664333066616465343431396363333533313132306264333239373836373065
39316530633864373163666164323536613232376364346339633033303838346138303964376338
33326165386130336463383563316639333036323062643533616431666237386239643866653738
36656462343764316265616639653231303666333330366164666565333962646636376133653964
66643635623964343331383062326437666235653933303461326535303063383238306535343238
39643435356261306634666365376163343765356666303637343035356331323963626365643633
61313465313830353066303566616336643238626333653666663465306463666338336161643461
33363033383037343836626161616432333835613433323164373262333864363666383936333731
61363763373161643433333239643563653964326666306465373333623932313432626139343366
64616565663161353362333033303736366134373564373264656535343065613632636133323236
66656564643630323138393161633831663631306231316166383533636532386131353138623964
34616566336362393363336434343664623463313461336338336530396564313637616431303831
62306234393065373665613161663762613131613665346438346130383761633933653439613938
30666364663566303464386535343666363336353466653930366331346663653065656562303930
35613463353464353337303164323834396462366161353338616362656338613539323238366637
65326332363832663862373630613039303938386631613432333861653766313237386163653539
63396565306263353035343934636431353736626234633235616535663634636232626332636537
65353366356663353462386239643864363937313463306333316338656335373637646533356639
65636264303865663964653463323061633638303465303161396163623561373638623232323236
35663837636434363430666531346132396465363431353765633730633562366662396464383633
39306663323535613631636130303933316262353638373532323839653362333166316338373363
32373665313334366165373932653730313061613363396434373033393863613032333239303030
34373664373962313638336338663039656133333436363335643739323966623733633637623264
37313737663563643663636261316663663962613430666361333433323938336636336663623432
30386535623961346131373363376364323832623736316464353235313663323766636531333162
61383930663865383030626635333036653161663533323863616334333031346435376661353933
36333037353031363232323835613338653830346139373066343935326535326132386633643938
33393538333466613639613436313330316266313233383932306365653661333361376232636261
64326330326161393766626639393539613737393730393635656165633263303833323930343864
36343661363231646161363364353939666531333637613533363866633664623265303637333364
34323630303436326434616362376332646132343932336165666166633865613234653762333139
61396664306636336530306633646463653361326233373165656534393239626634653436393661
38616631326231336237623066623533383763383661633562386230303738393335663835376466
62373731356338323363366364306234373037353630306362336536633937656163363630666634
65356439616231303430333033383636633463313930643535656539623632626335393438386632
36633630373836393938613438636235343532353935373262636637343162363037613564646438
39326462363061396565633734626135386439373433306332313338643764383461653335646438
65643638376230396661343862633861663338343661393631653761356562336437393331626330
30396130393133303564653763323530623362366563316334366636343836646238386664343164
39366633613230356336376335636164353739353466363233623835393731306538313266663561
38303832663264653633343333396262393031393839396563323137336637643761313266633032
64646636653438303537316364313862656531346663666166646661633735366663643464326330
34636330386664386437363637376235353834323133333632353631653163616466633433346139
37633363303937633536373063653836653836656437613661666234666130363236343632613033
35303330353461633264663866363763326162373764323931653737306133386238623431366630
36363737616132346361353838386362363134386663326130323332383438323038353838353266
64643265356365383865386432633664316135353132303161636437613763376236336364363732
66353834306333336134643565316331373930646138656338303339356661636630616631333631
31616233323730623061616630636333626463633164313966656464363930313662383033336536
31336265313037386663613834343763633039646436663866626462386239343061373539303365
31343363373232373835613532323130363961643337353366303037323064663532326439646134
62316461336533323965303332643339636537383537343635643963323731386637646436626639
39353731333239336530633436623839663130653031316365656664396362323439643133366239
36653633623463376437643162663565363061373164396539383033373931646531616536373130
37343363663263626665343937393132613766623335656134623232623166643731323265646534
39653134643664633638303537646433376261646338633961363132353137396163626664383836
34393936316232373437613962636366313631636637363063373761333134626261383739636238
38653231643962613938663665353161396538313363656464633434393435353262613633313834
63313162356434386162353663333938366161323636396139363831333264633139303335643932
39663963633962363831323330326661386466663536623039333239646664363137653333666330
61383032306566353037393563336131633563383836646435306132386233343333323631383936
32343638393064623065643835613331343765323961313837613465663964636236323535356139
39646137633861363066353332383861326264313931623639343835393565343935303237326235
31383166663933313163373462623530616162306434383864663638366662616434333162323063
61353435393232616438306630333466303834316432373064656364323737343338363034316138
66646538303266333435386165343533626132326464646636313561326363326536613039616563
33303139373237613863323135383331396566393332663366313035396530306663663065343465
39333135323265663638386236646131386161646635623735356537646462376264636335643434
64313030623835323964346466626564356564313064363965336339326235613636373239333534
30363630363966323238373864623466383533343736306562363836343538616333666332373933
35336335626434353736616563386135313631666631316139373936316639316535386463343135
64356332633631373534326131356361303265333437316463383961343062326138373766643731
37386235313232646234346362633031303463383738626665346236393736343638383235393531
66383336653532333632653166613730346666333364333061343738333665643431326330303934
61376235346531656138333563323739663032303439626463336235323564386639623361663038
65636339316638646663376162666332343039356634656333643432636662623736356137623662
63633334663962373431626435666233373938366434393264386237396239393332646363373234
31396364343631303564316465306266363662613031643132386536626532336137333131336533
35333939326239623933313762386266393263303434373436393866363266313436376430633464
32363333393634623932326439623532356163303831306634386533366433323132333266616230
61323461633135633166356336306233336266316237383034313661643763346165653730613163
62616364313339343530653065653133356161626533343339623433613565353336303961636230
63646162313531363861323030326365623065316561643237333362346137653062613930633732
30363565623433326263323365316465663633616163346331353062656262383737646333333764
62313531643533313330343531616538616265393264663236323534643030376565663939623964
36666330636161646535633864323531306662633531663935666334383535323839373463356662
35653937663030346561393231633035633162663336373563663366353633643566366431393465
34613161636637333534626463393662396236346561633932383939303464343163343462323163
32633837636337653534363430663637393239316431333235356332333639313063363033353566
30626164316662396138636430323133363863363435343439333435623134623264373666373732
313062386461303964366439653266626261
